1163751742 2274862853 3385973964 4496184175 5517195186
1381373672 2492484783 3513595894 4614616915 5715717116
2136511328 3247622439 4358733541 5469844651 6571955761
3694931569 4715142671 5816153781 6917164891 7118175911
7463417111 8574528222 9685639333 1796741444 1817851555
1319128137 2421239248 3531341359 4641451461 5751561571
1359912421 2461123532 3571134643 4681145754 5791156865
3125421639 4236532741 5347643851 6458754961 7569865171
1293138521 2314249632 3415351743 4516461854 5617571965
2311944581 3422155692 4533166713 5644177814 6755188915

2274862853 3385973964 4496184175 5517195186 6618116197
2492484783 3513595894 4614616915 5715717116 6816818117
3247622439 4358733541 5469844651 6571955761 7681166871
4715142671 5816153781 6917164891 7118175911 8119186111
8574528222 9685639333 1796741444 1817851555 1918961666
2421239248 3531341359 4641451461 5751561571 6861671681
2461123532 3571134643 4681145754 5791156865 6811167976
4236532741 5347643851 6458754961 7569865171 8671976181
2314249632 3415351743 4516461854 5617571965 6718681176
3422155692 4533166713 5644177814 6755188915 7866199116

3385973964 4496184175 5517195186 6618116197 7719117118
3513595894 4614616915 5715717116 6816818117 7917919118
4358733541 5469844651 6571955761 7681166871 8791177981
5816153781 6917164891 7118175911 8119186111 9111197111
9685639333 1796741444 1817851555 1918961666 1119171777
3531341359 4641451461 5751561571 6861671681 7971781791
3571134643 4681145754 5791156865 6811167976 7911178187
5347643851 6458754961 7569865171 8671976181 9781187191
3415351743 4516461854 5617571965 6718681176 7819791187
4533166713 5644177814 6755188915 7866199116 8977111117

4496184175 5517195186 6618116197 7719117118 8811118119
4614616915 5715717116 6816818117 7917919118 8118111119
5469844651 6571955761 7681166871 8791177981 9811188191
6917164891 7118175911 8119186111 9111197111 1111118111
1796741444 1817851555 1918961666 1119171777 1111181888
4641451461 5751561571 6861671681 7971781791 8181891811
4681145754 5791156865 6811167976 7911178187 8111189198
6458754961 7569865171 8671976181 9781187191 1891198111
4516461854 5617571965 6718681176 7819791187 8911811198
5644177814 6755188915 7866199116 8977111117 9188111118

5517195186 6618116197 7719117118 8811118119 9911119111
5715717116 6816818117 7917919118 8118111119 9119111111
6571955761 7681166871 8791177981 9811188191 1911199111
7118175911 8119186111 9111197111 1111118111 1111119111
1817851555 1918961666 1119171777 1111181888 1111191999
5751561571 6861671681 7971781791 8181891811 9191911911
5791156865 6811167976 7911178187 8111189198 9111191119
7569865171 8671976181 9781187191 1891198111 1911119111
5617571965 6718681176 7819791187 8911811198 9111911119
6755188915 7866199116 8977111117 9188111118 1199111119
