1163751742 2274862853 3385973964 4496184175 5517295286
1381373672 2492484783 3513595894 4624616915 5735727126
2136511328 3247622439 4358733541 5469844652 6571955763
3694931569 4715142671 5826253782 6937364893 7148475914
7463417111 8574528222 9685639333 1796741444 2817852555
1319128137 2421239248 3532341359 4643452461 5754563572
1359912421 2461123532 3572234643 4683345754 5794456865
3125421639 4236532741 5347643852 6458754963 7569865174
1293138521 2314249632 3425351743 4536462854 5647573965
2311944581 3422155692 4533266713 5644377824 6755488935

2274862853 3385973964 4496184175 5517295286 6628316397
2492484783 3513595894 4624616915 5735727126 6846838237
3247622439 4358733541 5469844652 6571955763 7682166874
4715142671 5826253782 6937364893 7148475914 8259586125
8574528222 9685639333 1796741444 2817852555 3928963666
2421239248 3532341359 4643452461 5754563572 6865674683
2461123532 3572234643 4683345754 5794456865 6815567976
4236532741 5347643852 6458754963 7569865174 8671976285
2314249632 3425351743 4536462854 5647573965 6758684176
3422155692 4533266713 5644377824 6755488935 7866599146

3385973964 4496184175 5517295286 6628316397 7739427418
3513595894 4624616915 5735727126 6846838237 7957949348
4358733541 5469844652 6571955763 7682166874 8793277985
5826253782 6937364893 7148475914 8259586125 9361697236
9685639333 1796741444 2817852555 3928963666 4139174777
3532341359 4643452461 5754563572 6865674683 7976785794
3572234643 4683345754 5794456865 6815567976 7926678187
5347643852 6458754963 7569865174 8671976285 9782187396
3425351743 4536462854 5647573965 6758684176 7869795287
4533266713 5644377824 6755488935 7866599146 8977611257

4496184175 5517295286 6628316397 7739427418 8841538529
4624616915 5735727126 6846838237 7957949348 8168151459
5469844652 6571955763 7682166874 8793277985 9814388196
6937364893 7148475914 8259586125 9361697236 1472718347
1796741444 2817852555 3928963666 4139174777 5241285888
4643452461 5754563572 6865674683 7976785794 8187896815
4683345754 5794456865 6815567976 7926678187 8137789298
6458754963 7569865174 8671976285 9782187396 1893298417
4536462854 5647573965 6758684176 7869795287 8971816398
5644377824 6755488935 7866599146 8977611257 9188722368

5517295286 6628316397 7739427418 8841538529 9952649631
5735727126 6846838237 7957949348 8168151459 9279262561
6571955763 7682166874 8793277985 9814388196 1925499217
7148475914 8259586125 9361697236 1472718347 2583829458
2817852555 3928963666 4139174777 5241285888 6352396999
5754563572 6865674683 7976785794 8187896815 9298917926
5794456865 6815567976 7926678187 8137789298 9248891319
7569865174 8671976285 9782187396 1893298417 2914319528
5647573965 6758684176 7869795287 8971816398 9182927419
6755488935 7866599146 8977611257 9188722368 1299833479